01
02
03
04
05
06
07
08
09
10
105
106
107
11
111
115
12
121
125
13
14
15
150
151
152
153
154
155
156
157
158
159
16
160
161
162
163
164
165
166
167
168
169
17
18
19
20
208
209
21
210
211
22
221
223
224
225
23
24
25
26
27
28
29
30
300
301
3011
3012
3013
3021
3022
3023
3024
3031
3032
3033
304
3041
3042
3045
3046
3047
3051
3052
3053
3064
307
3072
3078
309
31
310
311
312
315
316
317
318
319
32
320
321
322
326
327
33
3325
3326
3328
333
334
3340
3341
3345
3346
3347
3348
335
3350
3354
336
3362
3363
3364
3371
34
340
341
347
349
35
350
351
352
353
355
356
3607
3608
3609
367
368
3685
3687
3688
3689
369
370
3705
3706
3708
371
3712
3713
3716
372
3721
3722
3726
3727
3731
3733
3740
3743
3746
3747
3750
3752
3753
3755
3756
3760
3761
3765
3766
3768
3770
3771
3772
3774
3776
3777
3778
3779
3781
3782
3787
3790
3799
3801
3802
3803
3804
3805
3806
3807
3808
3809
3810
3811
3812
3813
3814
3815
3816
3817
3818
3819
3820
3821
3822
3823
3824
3825
3826
3827
3828
3829
3830
3831
3832
3833
3834
3835
3836
3837
3838
3839
3840
3841
3842
3843
3844
3845
3846
3847
3848
3849
3850
3851
3852
3853
3854
3855
3856
3857
3858
3859
3860
3861
3862
3863
3864
3865
3866
400
402
407
413
414
415
420
422
433
434
435
436
437
444
445
451
452
453
469
470
471
472
48
498
500
501
502
503
505
51
517
518
519
52
520
522
523
524
53
535
543
550
552
553
554
561
562
563
564
580
581
597
598
600
601
602
603
604
605
606
608
610
611
612
613
632
640
642
644
645
646
647
648
666
67
676
677
680
69
699
700
701
702
703
704
712
718
720
721
722
725
726
727
728
729
730
732
733
734
738
739
740
741
742
743
744
745
746
747
754
758
760
761
762
772
775
777
778
779
780
782
783
791
792
793
794
796
797
798
799
800
801
803
807
809
813
814
815
816
817
818
819
820
822
823
824
825
826
827
828
829
830
831
832
833
834
838
839
840
841
842
844
869
890
891
892
893
894
895
898
899
90
900
902
904
905
906
907
909
910
911
912
913
915
917
918
919
92
920
921
922
924
926
927
928
93
930
931
932
934
935
936
937
938
939
94
943
945
946
947
948
950
951
954
955
956
957
958
959
961
962
963
964
966
967
970
972
973
975
976
977
986
987
988
989
99
991
992
993
995
996
b5200
blanc
ecru
